0.8360655737704918
0.7868852459016393
0.8524590163934426
0.8360655737704918
0.8688524590163934
0.8360655737704918
0.819672131147541
0.7868852459016393
0.7868852459016393
0.8360655737704918
0.8032786885245902
0.7704918032786885
0.8360655737704918
0.819672131147541
0.819672131147541
0.8360655737704918
0.8032786885245902
0.8360655737704918
0.8852459016393442
0.8360655737704918
0.8524590163934426
0.9180327868852459
0.8524590163934426
0.8524590163934426
0.8852459016393442
0.8360655737704918
0.8688524590163934
0.8360655737704918
0.9016393442622951
0.8688524590163934
0.8032786885245902
0.7868852459016393
0.8688524590163934
0.8032786885245902
0.7704918032786885
0.8360655737704918
0.8524590163934426
0.8688524590163934
0.8688524590163934
0.9180327868852459
0.8688524590163934
0.8852459016393442
0.8360655737704918
0.8360655737704918
0.8360655737704918
0.9180327868852459
0.8032786885245902
0.8524590163934426
0.7868852459016393
0.8688524590163934
0.8688524590163934
0.8524590163934426
0.8360655737704918
0.8360655737704918
0.7868852459016393
0.8852459016393442
0.8360655737704918
0.8032786885245902
0.9016393442622951
0.9016393442622951
0.819672131147541
0.8524590163934426
0.8032786885245902
0.7377049180327869
0.7377049180327869
0.8360655737704918
0.819672131147541
0.8032786885245902
0.819672131147541
0.7540983606557377
0.8360655737704918
0.8032786885245902
0.9016393442622951
0.8032786885245902
0.9180327868852459
0.7868852459016393
0.7868852459016393
0.9016393442622951
0.8688524590163934
0.8524590163934426
0.8360655737704918
0.8852459016393442
0.8524590163934426
0.9180327868852459
0.819672131147541
0.8032786885245902
0.8360655737704918
0.8524590163934426
0.8032786885245902
0.8360655737704918
0.7704918032786885
0.8360655737704918
0.8852459016393442
0.819672131147541
0.8524590163934426
0.819672131147541
0.7868852459016393
0.9344262295081968
0.8360655737704918
0.8688524590163934
